Reformulation
Mandatory - Australia (100% Compliance)	18,700	4,730	4,170	3,720	3,170	2,890	1.66
 	(13,000 to 27,600)	(3,290 to 6,970)	(2,900 to 6,180)	(2,580 to 5,510)	(2,210 to 4,660)	(2,000 to 4,270)	(1.60 to 1.74)
Australia 90% compliance	16,800	4,240	3,750	3,340	2,850	2,590	1.66
 	(11,600 to 25,100)	(2,950 to 6,340)	(2,590 to 5,600)	(2,310 to 4,980)	(1,980 to 4,230)	(1,800 to 3,840)	(1.60 to 1.74)
Australia 70% compliance	13,000	3,300	2,910	2,590	2,220	2,020	1.66
 	(8,970 to 19,300)	(2,290 to 4,900)	(2,010 to 4,330)	(1,780 to 3,840)	(1,530 to 3,260)	(1,390 to 2,980)	(1.60 to 1.74)
Australia 50% compliance	9,360	2,370	2,090	1,860	1,590	1,440	1.66
 	(6,460 to 13,900)	(1,640 to 3,510)	(1,440 to 3,110)	(1,290 to 2,770)	(1,100 to 2,340)	(1,010 to 2,130)	(1.60 to 1.74)
Mandatory UK (100% compliance)	42,600	10,800	9,530	8,490	7,240	6,530	1.66
 	(28,600 to 63,800)	(7,230 to 16,000)	(6,380 to 14,300)	(5,680 to 12,700)	(4,840 to 10,800)	(4,380 to 9,810)	(1.59 to 1.78)
UK 90% compliance	38,200	9,680	8,560	7,620	6,490	5,900	1.66
 	(25,900 to 56,600)	(6,560 to 14,300)	(5,780 to 12,700)	(5,140 to 11,400)	(4,400 to 9,610)	(3,980 to 8,750)	(1.59 to 1.77)
UK 70% compliance	29,800	7,530	6,670	5,930	5,060	4,600	1.66
 	(20,100 to 44,600)	(5,120 to 11,200)	(4,490 to 9,980)	(4,000 to 8,880)	(3,420 to 7,580)	(3,090 to 6,870)	(1.59 to 1.75)
UK 50% compliance	21,500	5,420	4,790	4,270	3,650	3,320	1.65
 	(14,500 to 31,900)	(3,690 to 8,080)	(3,250 to 7,150)	(2,870 to 6,370)	(2,450 to 5,420)	(2,220 to 4,930)	(1.59 to 1.73)
Mandatory WHO	67,800	17,300	15,200	13,600	11,500	10,200	1.70
 	(46,100 to 97,300)	(11,800 to 24,700)	(10,300 to 21,900)	(9,200 to 19,500)	(7,810 to 16,500)	(6,890 to 14,800)	(1.61 to 1.89)
Substitution of NaCl with KCl
30% immediate substitution of all foods	170,000	46,000	39,700	34,000	27,500	23,000	2.00
 	(118,000 to 242,000)	(32,200 to 64,900)	(27,600 to 55,900)	(23,600 to 48,300)	(19,100 to 39,200)	(15,800 to 33,400)	(1.75 to 2.39)
10% substitution all foods, over 10 years	27,400	6,890	6,090	5,480	4,710	4,240	1.64
 	(18,800 to 40,600)	(4,710 to 10,200)	(4,150 to 9,030)	(3,730 to 8,110)	(3,220 to 6,940)	(2,890 to 6,290)	(1.57 to 1.76)
30% substitution discretionary over 3 years	22,300	5,660	4,980	4,450	3,800	3,430	1.67
 	(15,500 to 32,600)	(3,940 to 8,260)	(3,450 to 7,280)	(3,070 to 6,500)	(2,620 to 5,540)	(2,360 to 5,030)	(1.60 to 1.76)
Programs
UK mass media campaign	1,850	476	416	366	310	280	1.72
 	(900 to 3,430)	(232 to 886)	(203 to 773)	(178 to 680)	(151 to 574)	(137 to 522)	(1.65 to 1.80)
UK salt reduction program	11,500	2,930	2,570	2,280	1,940	1,760	1.69
 	(7,890 to 16,800)	(2,020 to 4,300)	(1,770 to 3,770)	(1,560 to 3,330)	(1,330 to 2,820)	(1,200 to 2,550)	(1.62 to 1.77)
