HALYs gained in [2024, 2044) discounted at 3%
	Combined	SES 1	SES 2	SES 3	SES 4	SES 5	RR SES 1 c.f. 5
=== Copyable table below ===
Reformulation
Mandatory - Australia (100% Compliance)	10,500	2,670	2,360	2,090	1,790	1,630	1.67
 	(7,330 to 15,600)	(1,860 to 3,940)	(1,640 to 3,490)	(1,460 to 3,100)	(1,240 to 2,620)	(1,130 to 2,400)	(1.61 to 1.75)
Australia 90% compliance	9,470	2,400	2,120	1,880	1,600	1,460	1.67
 	(6,550 to 14,100)	(1,670 to 3,580)	(1,460 to 3,160)	(1,300 to 2,800)	(1,110 to 2,380)	(1,020 to 2,160)	(1.61 to 1.75)
Australia 70% compliance	7,350	1,860	1,640	1,460	1,250	1,140	1.67
 	(5,070 to 10,900)	(1,290 to 2,770)	(1,130 to 2,450)	(1,010 to 2,160)	(860 to 1,830)	(784 to 1,670)	(1.61 to 1.75)
Australia 50% compliance	5,270	1,340	1,180	1,050	892	812	1.67
 	(3,660 to 7,820)	(927 to 1,980)	(817 to 1,750)	(727 to 1,560)	(622 to 1,320)	(568 to 1,200)	(1.61 to 1.74)
Mandatory UK (100% compliance)	24,000	6,090	5,390	4,790	4,070	3,670	1.67
 	(16,100 to 35,900)	(4,090 to 9,040)	(3,610 to 8,050)	(3,210 to 7,140)	(2,720 to 6,070)	(2,470 to 5,510)	(1.60 to 1.79)
UK 90% compliance	21,600	5,470	4,840	4,300	3,660	3,310	1.67
 	(14,600 to 32,000)	(3,700 to 8,080)	(3,270 to 7,170)	(2,900 to 6,380)	(2,480 to 5,410)	(2,240 to 4,920)	(1.60 to 1.78)
UK 70% compliance	16,800	4,250	3,760	3,340	2,840	2,580	1.66
 	(11,300 to 25,100)	(2,890 to 6,340)	(2,530 to 5,630)	(2,250 to 5,000)	(1,930 to 4,250)	(1,740 to 3,870)	(1.60 to 1.76)
UK 50% compliance	12,100	3,060	2,710	2,410	2,050	1,870	1.66
 	(8,160 to 18,000)	(2,080 to 4,560)	(1,830 to 4,030)	(1,620 to 3,580)	(1,380 to 3,050)	(1,250 to 2,770)	(1.60 to 1.74)
Mandatory WHO	38,200	9,770	8,610	7,650	6,480	5,750	1.70
 	(26,000 to 54,800)	(6,670 to 13,900)	(5,850 to 12,300)	(5,180 to 10,900)	(4,400 to 9,250)	(3,890 to 8,310)	(1.62 to 1.90)
Substitution of NaCl with KCl
30% immediate substitution of all foods	98,800	26,700	23,000	19,700	16,000	13,400	2.02
 	(67,900 to 136,000)	(18,500 to 36,500)	(15,800 to 31,600)	(13,500 to 27,100)	(10,800 to 22,100)	(8,910 to 19,000)	(1.76 to 2.39)
10% substitution all foods, over 10 years	14,900	3,770	3,330	2,990	2,570	2,310	1.65
 	(10,200 to 21,400)	(2,560 to 5,390)	(2,260 to 4,770)	(2,040 to 4,270)	(1,740 to 3,660)	(1,550 to 3,310)	(1.58 to 1.76)
30% substitution discretionary over 3 years	12,600	3,210	2,820	2,520	2,140	1,930	1.68
 	(8,510 to 17,900)	(2,170 to 4,550)	(1,900 to 4,000)	(1,690 to 3,560)	(1,440 to 3,030)	(1,300 to 2,750)	(1.61 to 1.76)
Programs
UK mass media campaign	1,080	278	243	213	180	163	1.72
 	(527 to 2,000)	(136 to 516)	(119 to 453)	(104 to 397)	(88.1 to 335)	(79.9 to 304)	(1.65 to 1.80)
UK salt reduction program	6,540	1,670	1,470	1,300	1,100	999	1.70
 	(4,510 to 9,530)	(1,150 to 2,450)	(1,010 to 2,140)	(890 to 1,890)	(757 to 1,600)	(682 to 1,440)	(1.63 to 1.77)
Extras
Mandatory Aus followed by UK (100% compliance)	19,900	5,020	4,450	3,980	3,390	3,070	1.65
 	(13,700 to 29,300)	(3,460 to 7,390)	(3,050 to 6,580)	(2,720 to 5,850)	(2,330 to 4,960)	(2,100 to 4,500)	(1.58 to 1.77)
Aus followed by UK, both 90% compliance	17,900	4,520	4,010	3,580	3,060	2,780	1.65
 	(12,300 to 26,300)	(3,120 to 6,630)	(2,760 to 5,880)	(2,460 to 5,250)	(2,100 to 4,470)	(1,900 to 4,060)	(1.58 to 1.75)
Aus followed by UK, both 70% compliance	14,000	3,540	3,130	2,800	2,390	2,170	1.65
 	(9,600 to 20,600)	(2,430 to 5,200)	(2,140 to 4,630)	(1,900 to 4,110)	(1,630 to 3,510)	(1,490 to 3,200)	(1.58 to 1.73)
Aus followed by UK, both 50% compliance	10,000	2,530	2,240	2,000	1,710	1,560	1.65
 	(6,870 to 14,700)	(1,740 to 3,690)	(1,530 to 3,280)	(1,360 to 2,930)	(1,160 to 2,500)	(1,060 to 2,290)	(1.58 to 1.72)
